id,severity_label,prob_Minor,prob_Serious,prob_Fatal
0,Minor,0.5789,0.4053,0.0158
1,Serious,0.5663,0.4278,0.0059
2,Minor,0.7161,0.2416,0.0422
3,Minor,0.648,0.3318,0.0201
4,Minor,0.7397,0.2401,0.0203
5,Minor,0.6817,0.2382,0.0801
6,Serious,0.417,0.5725,0.0105
7,Minor,0.7228,0.2665,0.0107
8,Serious,0.5775,0.4155,0.007
9,Serious,0.5157,0.4822,0.002
10,Minor,0.6998,0.2964,0.0038
11,Minor,0.6802,0.3173,0.0025
12,Serious,0.5004,0.4356,0.064
13,Minor,0.5678,0.2553,0.1769
14,Minor,0.7691,0.1648,0.0662
15,Minor,0.8277,0.1618,0.0104
16,Serious,0.5529,0.4248,0.0223
17,Serious,0.5029,0.4904,0.0066
18,Serious,0.496,0.498,0.006
19,Minor,0.5923,0.3755,0.0322
20,Serious,0.3197,0.6584,0.0219
21,Minor,0.4429,0.2555,0.3016
22,Minor,0.5547,0.3144,0.1309
23,Serious,0.3153,0.5545,0.1302
24,Serious,0.4595,0.5386,0.0019
25,Serious,0.5051,0.4899,0.005
26,Serious,0.4499,0.5482,0.0019
27,Minor,0.6969,0.3014,0.0018
28,Minor,0.7245,0.2732,0.0023
29,Minor,0.6694,0.3289,0.0016
30,Serious,0.5145,0.4843,0.0012
31,Minor,0.5849,0.4139,0.0012
32,Serious,0.5334,0.4626,0.004
33,Serious,0.5498,0.4414,0.0088
34,Minor,0.5262,0.4031,0.0707
35,Minor,0.6403,0.3446,0.015
36,Serious,0.5407,0.4586,0.0006
37,Serious,0.4254,0.5729,0.0017
38,Minor,0.687,0.2972,0.0158
39,Minor,0.6661,0.3171,0.0168
40,Minor,0.955,0.043,0.0019
41,Minor,0.9095,0.0891,0.0014
42,Minor,0.8857,0.0984,0.016
43,Minor,0.8113,0.174,0.0147
44,Minor,0.863,0.1358,0.0011
45,Minor,0.8865,0.1133,0.0002
46,Minor,0.7495,0.2352,0.0153
47,Minor,0.7045,0.269,0.0265
48,Minor,0.816,0.1831,0.0009
49,Minor,0.7529,0.245,0.0022
50,Minor,0.7165,0.2824,0.0012
51,Minor,0.909,0.0515,0.0395
52,Minor,0.8937,0.1023,0.004
53,Serious,0.4179,0.5536,0.0285
54,Minor,0.6589,0.2726,0.0684
55,Minor,0.6047,0.3314,0.0639
56,Minor,0.6954,0.2957,0.0089
57,Minor,0.7685,0.2297,0.0017
58,Serious,0.5111,0.4837,0.0052
59,Minor,0.6068,0.3742,0.019
60,Minor,0.9014,0.0887,0.0099
61,Minor,0.8164,0.177,0.0065
62,Minor,0.935,0.0622,0.0028
63,Minor,0.9448,0.0549,0.0003
64,Minor,0.9314,0.0675,0.0011
65,Minor,0.9274,0.0718,0.0008
66,Serious,0.3244,0.6679,0.0077
67,Minor,0.9127,0.0862,0.0012
68,Minor,0.9663,0.0327,0.0009
69,Minor,0.8112,0.1864,0.0024
70,Minor,0.6597,0.3262,0.0141
71,Minor,0.6713,0.3256,0.0031
72,Minor,0.6923,0.3048,0.003
73,Serious,0.499,0.4865,0.0145
74,Minor,0.8851,0.1148,0.0001
75,Minor,0.562,0.4038,0.0342
76,Minor,0.562,0.4038,0.0342
77,Serious,0.5013,0.4757,0.0231
78,Minor,0.7555,0.1448,0.0997
79,Minor,0.6154,0.2477,0.1369
80,Minor,0.5621,0.2904,0.1475
81,Minor,0.8642,0.126,0.0098
82,Minor,0.7618,0.2305,0.0078
83,Minor,0.8871,0.1067,0.0062
84,Serious,0.4288,0.5704,0.0007
85,Serious,0.5808,0.4152,0.0039
86,Minor,0.7829,0.1012,0.1159
87,Minor,0.5902,0.1928,0.2171
88,Minor,0.7174,0.276,0.0066
89,Serious,0.4752,0.477,0.0478
90,Serious,0.4521,0.5298,0.0181
91,Serious,0.4994,0.4763,0.0243
92,Minor,0.5178,0.3669,0.1152
93,Serious,0.4495,0.5072,0.0433
94,Minor,0.5823,0.3899,0.0278
95,Serious,0.5344,0.4201,0.0456
96,Serious,0.4956,0.5007,0.0037
97,Serious,0.4731,0.5229,0.004
98,Serious,0.5156,0.4807,0.0037
99,Minor,0.7218,0.2771,0.0011
100,Serious,0.4295,0.5669,0.0036
101,Minor,0.6248,0.3644,0.0107
102,Minor,0.6952,0.304,0.0008
103,Minor,0.7644,0.2341,0.0015
104,Minor,0.6725,0.3259,0.0016
105,Minor,0.8327,0.1611,0.0062
106,Minor,0.834,0.1611,0.0049
107,Minor,0.5822,0.3987,0.0191
108,Minor,0.6152,0.3748,0.0101
109,Minor,0.5742,0.351,0.0748
110,Minor,0.616,0.2829,0.1011
111,Serious,0.5736,0.4233,0.0031
112,Minor,0.6522,0.3452,0.0026
113,Minor,0.8887,0.1084,0.0028
114,Minor,0.6474,0.3342,0.0184
115,Minor,0.6692,0.3278,0.0029
116,Minor,0.5895,0.3612,0.0493
117,Minor,0.7314,0.2393,0.0293
118,Minor,0.8788,0.1102,0.011
119,Minor,0.8802,0.1106,0.0092
120,Minor,0.8471,0.1407,0.0122
121,Minor,0.8698,0.1107,0.0195
122,Minor,0.8812,0.1008,0.018
123,Minor,0.8768,0.1119,0.0113
124,Minor,0.8746,0.1185,0.0069
125,Minor,0.8569,0.1317,0.0113
126,Minor,0.9074,0.082,0.0106
127,Minor,0.542,0.0986,0.3594
128,Minor,0.5039,0.1816,0.3145
129,Minor,0.6773,0.3147,0.008
130,Minor,0.6181,0.3756,0.0063
131,Serious,0.3544,0.5804,0.0652
132,Minor,0.5969,0.3935,0.0097
133,Minor,0.7046,0.2868,0.0086
134,Serious,0.5113,0.4759,0.0128
135,Minor,0.7111,0.2871,0.0018
136,Serious,0.2171,0.7801,0.0029
137,Serious,0.4727,0.4771,0.0502
138,Serious,0.4727,0.4771,0.0502
139,Serious,0.4727,0.4771,0.0502
140,Minor,0.6042,0.3883,0.0075
141,Minor,0.7008,0.2938,0.0054
142,Minor,0.7096,0.2591,0.0313
143,Minor,0.7681,0.226,0.0059
144,Minor,0.5563,0.4071,0.0365
145,Minor,0.6411,0.311,0.0478
146,Serious,0.4316,0.5635,0.0049
147,Minor,0.5842,0.4128,0.0029
148,Minor,0.838,0.1343,0.0278
149,Minor,0.6987,0.2914,0.0099
150,Serious,0.3967,0.5038,0.0995
151,Minor,0.6434,0.3119,0.0447
152,Minor,0.7367,0.2508,0.0125
153,Minor,0.75,0.2349,0.0151
154,Minor,0.7922,0.1916,0.0162
155,Serious,0.5115,0.4571,0.0314
156,Minor,0.5542,0.3949,0.0509
157,Minor,0.8363,0.1415,0.0222
158,Minor,0.8213,0.148,0.0307
159,Minor,0.6263,0.3625,0.0113
160,Serious,0.4742,0.486,0.0398
161,Minor,0.7798,0.1624,0.0578
162,Serious,0.5456,0.4175,0.0369
163,Serious,0.5283,0.416,0.0557
164,Serious,0.4475,0.5402,0.0122
165,Minor,0.6288,0.3052,0.0661
166,Minor,0.7892,0.2005,0.0103
167,Minor,0.7485,0.2415,0.01
168,Minor,0.7086,0.2838,0.0076
169,Minor,0.649,0.2518,0.0992
170,Minor,0.5001,0.2102,0.2898
171,Serious,0.5455,0.4497,0.0047
172,Serious,0.5097,0.4889,0.0014
173,Serious,0.5397,0.4567,0.0036
174,Minor,0.6194,0.3757,0.0048
175,Serious,0.4403,0.5535,0.0062
176,Minor,0.7793,0.1262,0.0945
177,Minor,0.7973,0.1892,0.0135
178,Serious,0.3156,0.684,0.0004
179,Serious,0.3473,0.6491,0.0036
180,Minor,0.6575,0.338,0.0045
181,Minor,0.8052,0.1872,0.0077
182,Minor,0.6887,0.3086,0.0027
183,Serious,0.2544,0.6639,0.0817
184,Serious,0.5302,0.4451,0.0247
185,Serious,0.5004,0.4356,0.064
186,Minor,0.8872,0.112,0.0008
187,Minor,0.6562,0.3426,0.0012
188,Minor,0.5078,0.3258,0.1664
189,Minor,0.7566,0.2217,0.0217
190,Serious,0.4579,0.5133,0.0288
191,Minor,0.6613,0.309,0.0297
192,Serious,0.5193,0.4412,0.0394
193,Minor,0.5789,0.3933,0.0278
194,Minor,0.7887,0.21,0.0013
195,Minor,0.863,0.1358,0.0011
196,Serious,0.4192,0.5301,0.0506
197,Minor,0.6916,0.2623,0.0461
198,Minor,0.7364,0.2618,0.0018
199,Serious,0.5402,0.4537,0.006
200,Minor,0.5945,0.4021,0.0033
201,Minor,0.6411,0.3144,0.0445
202,Minor,0.6362,0.353,0.0108
203,Minor,0.6441,0.3347,0.0212
204,Minor,0.6319,0.3616,0.0066
205,Serious,0.5292,0.4684,0.0024
206,Minor,0.9035,0.0941,0.0024
207,Minor,0.8998,0.092,0.0082
208,Minor,0.7728,0.2112,0.016
209,Minor,0.9001,0.0966,0.0033
210,Minor,0.8567,0.1052,0.0381
211,Minor,0.797,0.0732,0.1298
212,Serious,0.4795,0.5183,0.0022
213,Serious,0.5633,0.4355,0.0012
214,Serious,0.5162,0.4762,0.0076
215,Serious,0.4959,0.4923,0.0118
216,Minor,0.835,0.1576,0.0075
217,Minor,0.7548,0.1934,0.0518
218,Minor,0.7403,0.2357,0.024
219,Serious,0.5545,0.4387,0.0068
220,Serious,0.4531,0.5411,0.0058
221,Minor,0.624,0.3749,0.0011
222,Minor,0.8807,0.1182,0.001
223,Minor,0.8712,0.1284,0.0004
224,Minor,0.8199,0.1795,0.0007
225,Minor,0.7915,0.2082,0.0003
226,Fatal,0.2864,0.391,0.3225
227,Serious,0.4038,0.5243,0.0719
228,Serious,0.524,0.4671,0.0089
229,Serious,0.5013,0.4872,0.0115
230,Minor,0.7742,0.2243,0.0016
231,Serious,0.5276,0.4707,0.0017
232,Minor,0.6113,0.3841,0.0047
233,Minor,0.8229,0.1089,0.0682
234,Minor,0.8339,0.1189,0.0472
235,Serious,0.1726,0.809,0.0183
236,Serious,0.0871,0.8858,0.027
237,Minor,0.7444,0.2536,0.002
238,Minor,0.6772,0.3201,0.0027
239,Serious,0.5701,0.4209,0.0091
240,Minor,0.6964,0.2944,0.0092
241,Serious,0.3905,0.6019,0.0076
242,Serious,0.3731,0.5832,0.0437
243,Minor,0.4952,0.2128,0.292
244,Minor,0.8369,0.0833,0.0798
245,Minor,0.864,0.0997,0.0363
246,Minor,0.8926,0.0583,0.0491
247,Minor,0.8199,0.1393,0.0409
248,Minor,0.8509,0.0776,0.0715
249,Minor,0.8581,0.0736,0.0684
250,Minor,0.8552,0.0749,0.0698
251,Serious,0.4546,0.5222,0.0232
252,Serious,0.4475,0.509,0.0435
253,Minor,0.7383,0.2248,0.0369
254,Minor,0.6063,0.3442,0.0495
255,Minor,0.7916,0.149,0.0594
256,Minor,0.8885,0.0884,0.0231
257,Minor,0.6833,0.3068,0.0099
258,Serious,0.4672,0.5302,0.0026
259,Serious,0.5585,0.44,0.0015
260,Minor,0.9071,0.0914,0.0015
261,Minor,0.8386,0.1595,0.0019
262,Minor,0.9532,0.0455,0.0013
263,Serious,0.4169,0.5812,0.0019
264,Minor,0.6461,0.3515,0.0025
265,Serious,0.4949,0.5029,0.0021
266,Minor,0.6129,0.3855,0.0016
267,Minor,0.7121,0.2691,0.0188
268,Minor,0.7433,0.1947,0.062
269,Minor,0.8468,0.1302,0.023
270,Minor,0.6706,0.1806,0.1488
271,Minor,0.586,0.3489,0.0651
272,Minor,0.9303,0.0624,0.0072
273,Minor,0.7737,0.2196,0.0067
274,Serious,0.4855,0.5015,0.013
275,Minor,0.6205,0.354,0.0255
276,Serious,0.3694,0.6136,0.017
277,Serious,0.3614,0.6373,0.0013
278,Serious,0.462,0.5375,0.0005
279,Minor,0.8624,0.1315,0.0061
280,Minor,0.8759,0.1027,0.0215
281,Minor,0.7522,0.2472,0.0006
282,Minor,0.6717,0.327,0.0014
283,Minor,0.5492,0.4073,0.0435
284,Minor,0.6179,0.376,0.006
285,Minor,0.6539,0.3432,0.0029
286,Serious,0.4395,0.5561,0.0044
287,Serious,0.5023,0.4848,0.013
288,Minor,0.6499,0.34,0.0101
289,Minor,0.6595,0.3374,0.0031
290,Minor,0.6394,0.3579,0.0027
291,Serious,0.4362,0.5531,0.0107
292,Minor,0.6731,0.3164,0.0105
293,Serious,0.3545,0.6419,0.0036
294,Serious,0.3738,0.5041,0.1221
295,Minor,0.6123,0.3191,0.0686
296,Minor,0.7221,0.1702,0.1077
297,Serious,0.5344,0.4242,0.0414
298,Minor,0.6956,0.2833,0.0212
299,Minor,0.707,0.29,0.003
300,Minor,0.759,0.2398,0.0012
301,Serious,0.5097,0.4855,0.0048
302,Minor,0.8527,0.1456,0.0017
303,Minor,0.6955,0.3042,0.0004
304,Minor,0.5997,0.398,0.0024
305,Minor,0.6574,0.3405,0.0021
306,Minor,0.7498,0.2393,0.0109
307,Minor,0.6619,0.3195,0.0186
308,Minor,0.6036,0.3787,0.0177
309,Serious,0.5016,0.4873,0.0111
310,Serious,0.3493,0.6452,0.0056
311,Minor,0.762,0.1564,0.0816
312,Minor,0.756,0.1309,0.1131
313,Serious,0.3983,0.5838,0.0179
314,Serious,0.3198,0.6759,0.0042
315,Serious,0.4666,0.5265,0.0069
316,Serious,0.5315,0.4606,0.0079
317,Minor,0.6792,0.304,0.0167
318,Serious,0.3322,0.6088,0.059
319,Serious,0.2955,0.6363,0.0681
320,Serious,0.4028,0.5546,0.0426
321,Serious,0.4078,0.553,0.0391
322,Serious,0.5782,0.4202,0.0016
323,Minor,0.6984,0.3012,0.0004
324,Minor,0.6556,0.3428,0.0016
325,Minor,0.8074,0.1681,0.0245
326,Minor,0.735,0.2443,0.0207
327,Minor,0.7949,0.1826,0.0225
328,Minor,0.7558,0.2304,0.0138
329,Minor,0.77,0.2128,0.0172
330,Minor,0.7002,0.2919,0.008
331,Minor,0.7847,0.1996,0.0157
332,Minor,0.7462,0.2434,0.0104
333,Serious,0.4048,0.5885,0.0067
334,Serious,0.349,0.6254,0.0257
335,Serious,0.4986,0.4966,0.0048
336,Serious,0.4731,0.4195,0.1075
337,Serious,0.5621,0.4267,0.0112
338,Minor,0.6176,0.3742,0.0082
339,Serious,0.4533,0.5399,0.0068
340,Minor,0.6706,0.3261,0.0033
341,Minor,0.618,0.3621,0.0199
342,Serious,0.5843,0.415,0.0007
343,Serious,0.4986,0.4966,0.0048
344,Serious,0.5385,0.4567,0.0048
345,Minor,0.892,0.0704,0.0375
346,Minor,0.8521,0.1242,0.0237
347,Minor,0.8955,0.0804,0.0242
348,Minor,0.8971,0.0675,0.0354
349,Minor,0.9091,0.0643,0.0266
350,Minor,0.8959,0.0804,0.0237
351,Serious,0.4711,0.4394,0.0896
352,Minor,0.6762,0.3067,0.0171
353,Minor,0.6104,0.3814,0.0082
354,Serious,0.4777,0.5047,0.0177
355,Fatal,0.2599,0.297,0.4431
356,Minor,0.6386,0.3412,0.0203
357,Serious,0.5325,0.4459,0.0216
358,Minor,0.8303,0.0998,0.0699
359,Minor,0.7012,0.233,0.0657
360,Minor,0.6945,0.3027,0.0028
361,Serious,0.5634,0.4292,0.0074
362,Minor,0.8124,0.1789,0.0087
363,Minor,0.8723,0.1247,0.003
364,Minor,0.5531,0.0663,0.3805
365,Minor,0.5159,0.0609,0.4232
366,Minor,0.7878,0.0721,0.1401
367,Minor,0.7753,0.0471,0.1776
368,Minor,0.5222,0.3629,0.1149
369,Minor,0.6575,0.3355,0.007
370,Minor,0.7467,0.2528,0.0005
371,Minor,0.7116,0.2882,0.0002
372,Serious,0.581,0.4187,0.0003
373,Serious,0.465,0.5121,0.0229
374,Minor,0.6004,0.3778,0.0218
375,Minor,0.8591,0.1387,0.0022
376,Minor,0.7198,0.2794,0.0008
377,Minor,0.6278,0.3708,0.0014
378,Serious,0.2397,0.6739,0.0864
379,Minor,0.575,0.2866,0.1384
380,Serious,0.5384,0.4552,0.0064
381,Minor,0.8018,0.1764,0.0218
382,Minor,0.9055,0.0811,0.0133
383,Minor,0.7394,0.0717,0.1889
384,Minor,0.7559,0.0953,0.1489
385,Minor,0.8029,0.1112,0.0859
386,Minor,0.7272,0.2498,0.023
387,Minor,0.65,0.3325,0.0175
388,Serious,0.4771,0.519,0.0039
389,Serious,0.4898,0.5081,0.0021
390,Minor,0.8812,0.1126,0.0062
391,Minor,0.857,0.1374,0.0056
392,Minor,0.6132,0.3752,0.0117
393,Minor,0.6121,0.3866,0.0012
394,Minor,0.6644,0.3333,0.0023
395,Serious,0.4673,0.532,0.0007
396,Minor,0.5968,0.4023,0.0009
397,Minor,0.7099,0.2898,0.0003
398,Serious,0.553,0.4381,0.0089
399,Serious,0.4733,0.5011,0.0257
400,Minor,0.7288,0.2708,0.0005
401,Minor,0.6362,0.3612,0.0026
402,Minor,0.8024,0.1951,0.0025
403,Serious,0.3865,0.577,0.0365
404,Minor,0.594,0.3659,0.0401
405,Minor,0.6551,0.3254,0.0194
406,Minor,0.6324,0.3584,0.0092
407,Minor,0.6432,0.2541,0.1028
408,Minor,0.7243,0.238,0.0377
409,Minor,0.5471,0.2925,0.1604
410,Serious,0.3781,0.5974,0.0246
411,Minor,0.8539,0.1291,0.017
412,Minor,0.6425,0.3567,0.0008
413,Minor,0.6053,0.393,0.0016
414,Serious,0.5124,0.4858,0.0018
415,Serious,0.341,0.6549,0.0041
416,Minor,0.6671,0.2881,0.0448
417,Minor,0.7317,0.2561,0.0122
418,Minor,0.7501,0.2064,0.0435
419,Minor,0.7791,0.1941,0.0267
420,Minor,0.812,0.1543,0.0337
421,Minor,0.5918,0.4022,0.006
422,Minor,0.5801,0.4113,0.0086
423,Minor,0.6708,0.3186,0.0107
424,Minor,0.6819,0.3083,0.0099
425,Serious,0.4052,0.5802,0.0146
426,Serious,0.3575,0.6115,0.031
427,Minor,0.6686,0.1237,0.2077
428,Minor,0.6484,0.1895,0.1621
429,Minor,0.6259,0.1188,0.2552
430,Minor,0.754,0.1022,0.1438
431,Minor,0.618,0.1333,0.2487
432,Minor,0.7338,0.075,0.1912
433,Minor,0.5386,0.1587,0.3027
434,Serious,0.5004,0.4356,0.064
435,Minor,0.6321,0.282,0.0859
436,Minor,0.9058,0.0656,0.0286
437,Minor,0.8186,0.176,0.0054
438,Minor,0.6745,0.3161,0.0094
439,Minor,0.5673,0.4098,0.0229
440,Serious,0.3872,0.6047,0.0081
441,Minor,0.4483,0.2891,0.2627
442,Minor,0.5206,0.4108,0.0686
443,Minor,0.6694,0.3283,0.0022
444,Minor,0.6999,0.2995,0.0006
445,Minor,0.691,0.3085,0.0005
446,Serious,0.5735,0.4239,0.0027
447,Serious,0.4453,0.5541,0.0006
448,Serious,0.5482,0.4448,0.007
449,Minor,0.7609,0.2338,0.0053
450,Serious,0.5243,0.4665,0.0092
451,Serious,0.5429,0.4501,0.007
452,Serious,0.3692,0.6192,0.0116
453,Minor,0.7077,0.2863,0.006
454,Serious,0.539,0.4538,0.0071
455,Serious,0.5406,0.4498,0.0096
456,Minor,0.5889,0.3917,0.0194
457,Minor,0.5969,0.3641,0.039
458,Serious,0.5543,0.4277,0.018
459,Serious,0.5499,0.4383,0.0118
460,Minor,0.8041,0.0774,0.1185
461,Minor,0.6218,0.0984,0.2798
462,Serious,0.5128,0.4827,0.0045
463,Minor,0.596,0.4031,0.0009
464,Minor,0.5959,0.3849,0.0192
465,Minor,0.5439,0.3057,0.1505
466,Serious,0.5606,0.419,0.0204
467,Serious,0.5677,0.4224,0.0099
468,Minor,0.7498,0.2477,0.0026
469,Minor,0.6532,0.3435,0.0033
470,Minor,0.6191,0.3776,0.0033
471,Minor,0.7997,0.1779,0.0224
472,Minor,0.6777,0.2782,0.0441
473,Minor,0.6977,0.2669,0.0354
474,Serious,0.5711,0.4287,0.0002
475,Minor,0.5928,0.4069,0.0004
476,Minor,0.7105,0.2889,0.0006
477,Minor,0.5184,0.0734,0.4082
478,Minor,0.7752,0.0845,0.1404
479,Minor,0.5184,0.0734,0.4082
480,Minor,0.5821,0.4025,0.0155
481,Minor,0.5927,0.3816,0.0257
482,Serious,0.4341,0.5466,0.0193
483,Serious,0.5303,0.4692,0.0005
484,Serious,0.4137,0.5805,0.0058
485,Serious,0.3581,0.6253,0.0166
486,Serious,0.3949,0.5847,0.0205
487,Minor,0.6638,0.1134,0.2228
488,Minor,0.7227,0.1951,0.0823
489,Minor,0.7848,0.2085,0.0068
490,Minor,0.7781,0.2163,0.0056
491,Minor,0.7061,0.2929,0.001
492,Minor,0.7719,0.2241,0.004
493,Minor,0.9457,0.0431,0.0112
494,Serious,0.4898,0.5081,0.0021
495,Serious,0.5081,0.477,0.0149
496,Serious,0.5402,0.4537,0.006
497,Serious,0.544,0.4442,0.0118
498,Serious,0.445,0.5236,0.0314
499,Serious,0.3578,0.6411,0.0011
500,Serious,0.5769,0.4219,0.0012
501,Minor,0.6876,0.3107,0.0018
502,Minor,0.6386,0.3412,0.0203
503,Minor,0.591,0.3937,0.0153
504,Minor,0.7371,0.255,0.0079
505,Minor,0.7537,0.1853,0.061
506,Minor,0.8034,0.1654,0.0313
507,Minor,0.5963,0.3978,0.0059
508,Serious,0.4532,0.5403,0.0065
509,Serious,0.507,0.4721,0.0209
510,Minor,0.5806,0.4064,0.013
511,Fatal,0.3312,0.2783,0.3904
512,Minor,0.651,0.3175,0.0315
513,Minor,0.5992,0.3987,0.0021
514,Minor,0.5838,0.4143,0.0019
515,Serious,0.4697,0.5292,0.0011
516,Minor,0.8889,0.1101,0.0011
517,Minor,0.7237,0.2708,0.0055
518,Minor,0.6829,0.3055,0.0116
519,Minor,0.8245,0.1651,0.0104
520,Minor,0.7334,0.2613,0.0053
521,Minor,0.8392,0.1364,0.0244
522,Minor,0.8478,0.1402,0.012
523,Minor,0.7334,0.2613,0.0053
524,Serious,0.521,0.4474,0.0316
525,Minor,0.7137,0.2754,0.0108
526,Minor,0.7183,0.1973,0.0844
527,Minor,0.8197,0.1604,0.0199
528,Minor,0.7275,0.2605,0.012
529,Minor,0.7743,0.1994,0.0263
530,Minor,0.6695,0.3034,0.0271
531,Serious,0.4487,0.5428,0.0086
532,Serious,0.4369,0.5537,0.0093
533,Serious,0.4828,0.5074,0.0097
534,Serious,0.4054,0.5936,0.0009
535,Serious,0.4541,0.5453,0.0006
536,Serious,0.3082,0.6897,0.0021
537,Serious,0.5556,0.4319,0.0125
538,Minor,0.592,0.4045,0.0035
539,Minor,0.592,0.4045,0.0035
540,Serious,0.422,0.5316,0.0464
541,Minor,0.618,0.3609,0.0211
542,Serious,0.57,0.42,0.01
543,Serious,0.3527,0.635,0.0123
544,Minor,0.6258,0.3353,0.039
545,Minor,0.7262,0.2688,0.005
546,Minor,0.7328,0.2629,0.0043
547,Minor,0.7386,0.2603,0.0011
548,Minor,0.715,0.2845,0.0005
549,Minor,0.7571,0.2417,0.0012
550,Minor,0.7502,0.2486,0.0011
551,Serious,0.4697,0.5278,0.0025
552,Serious,0.5056,0.4924,0.002
553,Serious,0.3035,0.6953,0.0012
554,Minor,0.8141,0.1586,0.0273
555,Minor,0.7315,0.1257,0.1428
556,Minor,0.9497,0.0494,0.0009
557,Minor,0.975,0.0241,0.0009
558,Minor,0.8522,0.146,0.0018
559,Minor,0.8089,0.1901,0.001
560,Minor,0.8172,0.1764,0.0064
561,Minor,0.5943,0.3977,0.0081
562,Minor,0.9381,0.0604,0.0015
563,Minor,0.902,0.097,0.0009
564,Serious,0.4542,0.5307,0.0151
565,Minor,0.61,0.356,0.0339
566,Serious,0.3297,0.5696,0.1007
567,Minor,0.6086,0.3754,0.016
568,Minor,0.6192,0.1349,0.2459
569,Minor,0.6227,0.3731,0.0042
570,Minor,0.6954,0.2962,0.0084
571,Serious,0.4772,0.5211,0.0017
572,Minor,0.6623,0.3274,0.0104
573,Minor,0.5999,0.3604,0.0397
574,Minor,0.8334,0.1587,0.0079
575,Serious,0.4863,0.5035,0.0103
576,Serious,0.5487,0.45,0.0013
577,Minor,0.5958,0.4013,0.0029
578,Minor,0.5945,0.4037,0.0018
579,Serious,0.2657,0.7329,0.0014
580,Minor,0.696,0.3003,0.0038
581,Minor,0.6779,0.3081,0.014
582,Minor,0.579,0.4009,0.0201
583,Minor,0.7723,0.2091,0.0186
584,Minor,0.821,0.1516,0.0274
585,Minor,0.749,0.2364,0.0146
586,Fatal,0.1839,0.2691,0.5471
587,Minor,0.8894,0.1092,0.0014
588,Minor,0.6394,0.3592,0.0014
589,Minor,0.8104,0.1623,0.0273
590,Minor,0.6809,0.2957,0.0234
591,Minor,0.7491,0.2211,0.0297
592,Minor,0.8891,0.0966,0.0144
593,Minor,0.6298,0.3513,0.0189
594,Minor,0.7184,0.2163,0.0653
595,Minor,0.881,0.0823,0.0366
596,Minor,0.7782,0.1257,0.0961
597,Minor,0.9246,0.0628,0.0126
598,Minor,0.9246,0.0628,0.0126
599,Minor,0.9341,0.0571,0.0089
600,Minor,0.936,0.0556,0.0084
601,Serious,0.5542,0.4288,0.0169
602,Minor,0.633,0.3225,0.0445
603,Serious,0.4263,0.5357,0.038
604,Serious,0.3436,0.6282,0.0282
605,Minor,0.728,0.2635,0.0085
606,Minor,0.7434,0.2488,0.0078
607,Minor,0.6853,0.3106,0.0042
608,Minor,0.6609,0.3365,0.0026
609,Minor,0.8133,0.1865,0.0002
610,Minor,0.6727,0.3244,0.003
611,Minor,0.6248,0.3554,0.0198
612,Minor,0.6935,0.3019,0.0045
613,Minor,0.7053,0.2812,0.0134
614,Minor,0.859,0.1303,0.0107
615,Minor,0.695,0.2981,0.0069
616,Minor,0.6638,0.334,0.0021
617,Minor,0.5701,0.4025,0.0274
618,Serious,0.4792,0.5063,0.0145
619,Minor,0.6113,0.2955,0.0933
620,Serious,0.3381,0.6153,0.0466
621,Minor,0.7942,0.2053,0.0005
622,Minor,0.7658,0.2339,0.0002
623,Minor,0.7881,0.2115,0.0004
624,Fatal,0.3543,0.2775,0.3682
625,Fatal,0.1511,0.1068,0.7421
626,Minor,0.8098,0.1784,0.0118
627,Minor,0.7878,0.1849,0.0273
628,Minor,0.6777,0.2782,0.0441
629,Minor,0.6931,0.2243,0.0826
630,Minor,0.6307,0.2397,0.1296
631,Serious,0.576,0.4231,0.001
632,Minor,0.6311,0.366,0.0028
633,Serious,0.5356,0.4635,0.0009
634,Minor,0.6945,0.3027,0.0028
635,Minor,0.6293,0.3648,0.0059
636,Minor,0.6409,0.3572,0.0019
637,Minor,0.8399,0.158,0.0021
638,Minor,0.8271,0.1492,0.0237
639,Minor,0.8271,0.1492,0.0237
640,Serious,0.4925,0.4832,0.0244
641,Minor,0.6546,0.3064,0.039
642,Minor,0.6734,0.2926,0.0341
643,Serious,0.4662,0.5327,0.001
644,Serious,0.4236,0.5734,0.003
645,Minor,0.6081,0.2962,0.0957
646,Minor,0.6576,0.2824,0.06
647,Minor,0.8205,0.1773,0.0023
648,Minor,0.8825,0.116,0.0015
649,Minor,0.8392,0.1598,0.0011
650,Minor,0.815,0.1833,0.0018
651,Minor,0.7064,0.2573,0.0362
652,Minor,0.7787,0.2155,0.0058
653,Minor,0.6825,0.3168,0.0006
654,Serious,0.5555,0.4426,0.0019
655,Serious,0.5451,0.4457,0.0093
656,Minor,0.7364,0.2618,0.0018
657,Minor,0.8659,0.1009,0.0332
658,Minor,0.8828,0.1088,0.0084
659,Minor,0.8451,0.1464,0.0085
660,Serious,0.5086,0.4818,0.0095
661,Serious,0.5382,0.4348,0.027
662,Serious,0.5226,0.4345,0.0429
663,Minor,0.6419,0.1357,0.2224
664,Minor,0.6953,0.23,0.0747
665,Minor,0.439,0.2701,0.2909
666,Minor,0.546,0.142,0.312
667,Serious,0.4502,0.4238,0.126
668,Minor,0.66,0.3309,0.0091
669,Minor,0.6739,0.3135,0.0126
670,Minor,0.688,0.3101,0.0018
671,Minor,0.7028,0.2925,0.0047
672,Serious,0.5273,0.4706,0.0021
673,Minor,0.6473,0.3466,0.0061
674,Serious,0.5004,0.497,0.0025
675,Minor,0.8,0.1568,0.0432
676,Serious,0.5626,0.4249,0.0124
677,Serious,0.5759,0.422,0.0022
678,Minor,0.8813,0.1173,0.0014
679,Minor,0.8786,0.0611,0.0603
680,Minor,0.8984,0.0635,0.0381
681,Minor,0.8952,0.0477,0.057
682,Minor,0.8477,0.0508,0.1015
683,Minor,0.8176,0.1821,0.0003
684,Minor,0.6792,0.3204,0.0004
685,Minor,0.6548,0.3449,0.0003
686,Minor,0.6083,0.3478,0.0439
687,Minor,0.6256,0.3741,0.0003
688,Minor,0.7584,0.2415,0.0002
689,Minor,0.658,0.3331,0.0089
690,Minor,0.5853,0.3774,0.0373
691,Serious,0.4314,0.5476,0.0209
692,Minor,0.6583,0.3416,0.0002
693,Minor,0.6407,0.3568,0.0025
694,Serious,0.56,0.4373,0.0027
695,Serious,0.5119,0.4851,0.003
696,Serious,0.3749,0.6086,0.0164
697,Minor,0.6184,0.3384,0.0432
698,Minor,0.6168,0.3569,0.0263
699,Minor,0.6641,0.3069,0.029
700,Serious,0.5518,0.4158,0.0324
701,Serious,0.4526,0.543,0.0044
702,Minor,0.6132,0.3812,0.0056
703,Minor,0.77,0.178,0.052
704,Serious,0.4083,0.5784,0.0133
705,Minor,0.8949,0.0989,0.0061
706,Minor,0.8857,0.112,0.0023
707,Minor,0.6617,0.3348,0.0036
708,Minor,0.7246,0.2729,0.0025
709,Minor,0.7678,0.2241,0.0081
710,Minor,0.676,0.3082,0.0159
711,Minor,0.7333,0.2588,0.0079
712,Minor,0.7912,0.2043,0.0044
713,Minor,0.7551,0.2391,0.0058
714,Minor,0.7812,0.2123,0.0065
715,Minor,0.4231,0.4069,0.17
716,Minor,0.6958,0.2846,0.0195
717,Minor,0.7202,0.2705,0.0092
718,Minor,0.725,0.2659,0.0091
719,Minor,0.6389,0.3245,0.0365
720,Minor,0.5847,0.3741,0.0412
721,Serious,0.292,0.7,0.008
722,Serious,0.3108,0.6808,0.0083
723,Serious,0.2609,0.7319,0.0072
724,Serious,0.2558,0.7192,0.0249
725,Serious,0.2609,0.7319,0.0072
726,Serious,0.567,0.4295,0.0035
727,Minor,0.722,0.2721,0.0059
728,Serious,0.557,0.441,0.0019
729,Minor,0.6646,0.3315,0.0039
730,Minor,0.6183,0.3704,0.0113
731,Minor,0.6402,0.3491,0.0107
732,Minor,0.5827,0.4037,0.0136
733,Minor,0.7448,0.2478,0.0074
734,Minor,0.6901,0.2787,0.0312
735,Minor,0.5676,0.3995,0.0329
736,Serious,0.5074,0.4862,0.0064
737,Serious,0.3547,0.629,0.0164
738,Minor,0.7547,0.2003,0.045
739,Minor,0.8178,0.1714,0.0108
740,Minor,0.6849,0.3048,0.0102
741,Minor,0.5975,0.3794,0.0231
742,Minor,0.6333,0.3537,0.013
743,Minor,0.6749,0.3248,0.0003
744,Minor,0.7282,0.2706,0.0012
745,Minor,0.7744,0.2254,0.0002
746,Serious,0.5843,0.415,0.0007
747,Serious,0.3935,0.605,0.0015
748,Minor,0.739,0.2546,0.0065
749,Minor,0.6372,0.2679,0.0949
750,Minor,0.5608,0.253,0.1862
751,Minor,0.6229,0.3435,0.0336
752,Serious,0.548,0.4178,0.0342
753,Minor,0.791,0.2083,0.0007
754,Minor,0.6654,0.3091,0.0254
755,Minor,0.6988,0.2847,0.0164
756,Serious,0.4816,0.5164,0.002
757,Minor,0.7069,0.2909,0.0022
758,Serious,0.4544,0.5445,0.0011
759,Minor,0.8855,0.1009,0.0136
760,Minor,0.8045,0.1881,0.0074
761,Serious,0.568,0.4299,0.0021
762,Minor,0.6552,0.3427,0.0021
763,Serious,0.4697,0.5225,0.0078
764,Minor,0.6273,0.3634,0.0093
765,Serious,0.5363,0.4264,0.0373
766,Serious,0.5193,0.4224,0.0583
767,Serious,0.5531,0.4387,0.0081
768,Minor,0.7349,0.216,0.0491
769,Serious,0.387,0.6078,0.0052
770,Serious,0.3672,0.6251,0.0077
771,Minor,0.6941,0.3024,0.0035
772,Minor,0.6441,0.3515,0.0044
773,Minor,0.5854,0.3824,0.0322
774,Serious,0.5142,0.4477,0.0381
775,Minor,0.5668,0.3873,0.0458
776,Serious,0.4738,0.4651,0.061
777,Minor,0.6854,0.3099,0.0047
778,Minor,0.6717,0.3222,0.0061
779,Minor,0.7562,0.2386,0.0051
780,Minor,0.7178,0.2746,0.0076
781,Minor,0.6405,0.3472,0.0123
782,Minor,0.6254,0.3719,0.0026
783,Minor,0.5275,0.4096,0.0629
784,Minor,0.6171,0.3685,0.0144
785,Minor,0.8868,0.0974,0.0158
786,Minor,0.8771,0.1047,0.0182
787,Minor,0.8667,0.1142,0.019
788,Minor,0.8869,0.0982,0.0149
789,Serious,0.4105,0.58,0.0095
790,Minor,0.6816,0.3047,0.0136
791,Serious,0.5224,0.4398,0.0378
792,Serious,0.4991,0.5005,0.0004
793,Serious,0.5586,0.4408,0.0006
794,Minor,0.5893,0.4102,0.0005
795,Minor,0.9268,0.0678,0.0053
796,Minor,0.9641,0.0282,0.0078
797,Serious,0.3073,0.6876,0.0051
798,Serious,0.3501,0.6484,0.0015
799,Serious,0.5033,0.4864,0.0103
800,Minor,0.5975,0.3892,0.0133
801,Serious,0.4946,0.4655,0.0398
802,Minor,0.6936,0.2919,0.0145
803,Minor,0.9557,0.0403,0.0039
804,Minor,0.8903,0.0844,0.0253
805,Minor,0.9327,0.0609,0.0064
806,Minor,0.9396,0.0461,0.0142
807,Minor,0.6305,0.369,0.0005
808,Minor,0.5877,0.4115,0.0008
809,Minor,0.6652,0.3344,0.0003
810,Minor,0.6679,0.2912,0.0408
811,Minor,0.5835,0.3467,0.0698
812,Minor,0.7419,0.2568,0.0013
813,Minor,0.6789,0.2373,0.0837
814,Minor,0.6208,0.3646,0.0146
815,Minor,0.5779,0.3957,0.0265
816,Serious,0.5568,0.441,0.0022
817,Minor,0.6129,0.3855,0.0016
818,Serious,0.3565,0.6191,0.0244
819,Minor,0.5856,0.4049,0.0095
820,Minor,0.5763,0.4141,0.0096
821,Serious,0.5236,0.4732,0.0032
822,Minor,0.5908,0.4072,0.002
823,Minor,0.6132,0.3856,0.0012
824,Serious,0.4025,0.5554,0.0421
825,Minor,0.7563,0.2415,0.0023
826,Minor,0.7038,0.2925,0.0037
827,Serious,0.4828,0.515,0.0022
828,Serious,0.3353,0.6581,0.0067
829,Minor,0.7177,0.2777,0.0046
830,Minor,0.6461,0.3532,0.0007
831,Minor,0.6468,0.3507,0.0025
832,Minor,0.6211,0.3494,0.0295
833,Minor,0.5892,0.3934,0.0174
834,Minor,0.7161,0.2766,0.0073
835,Serious,0.5192,0.4708,0.01
836,Minor,0.7838,0.2151,0.0011
837,Minor,0.7033,0.2959,0.0008
838,Minor,0.6847,0.3149,0.0004
839,Minor,0.6839,0.3138,0.0023
840,Minor,0.7262,0.2556,0.0182
841,Serious,0.325,0.5775,0.0975
842,Serious,0.3238,0.6528,0.0234
843,Minor,0.6681,0.326,0.0059
844,Minor,0.5897,0.4057,0.0045
845,Minor,0.5774,0.3382,0.0844
846,Minor,0.6381,0.3353,0.0267
847,Minor,0.6381,0.3353,0.0267
848,Serious,0.5036,0.4777,0.0187
849,Minor,0.7314,0.2554,0.0132
850,Minor,0.575,0.3726,0.0524
851,Minor,0.6508,0.3467,0.0025
852,Minor,0.5681,0.3635,0.0684
853,Fatal,0.0824,0.1231,0.7945
854,Minor,0.8016,0.1939,0.0044
855,Minor,0.7975,0.1876,0.0149
856,Minor,0.8554,0.0977,0.0469
857,Minor,0.6767,0.2757,0.0476
858,Minor,0.7869,0.0708,0.1424
859,Minor,0.6159,0.0612,0.3229
860,Minor,0.6721,0.0569,0.271
861,Minor,0.8043,0.0551,0.1405
862,Minor,0.589,0.4076,0.0034
863,Serious,0.3506,0.6303,0.019
864,Serious,0.5189,0.4632,0.018
865,Minor,0.5878,0.4088,0.0034
866,Minor,0.8817,0.1123,0.006
867,Minor,0.8373,0.1592,0.0035
868,Serious,0.3741,0.6142,0.0117
869,Serious,0.4683,0.5282,0.0035
870,Minor,0.8417,0.1173,0.041
871,Minor,0.8879,0.0846,0.0275
872,Serious,0.5498,0.4499,0.0003
873,Serious,0.5426,0.457,0.0004
874,Serious,0.5711,0.4287,0.0002
875,Serious,0.5518,0.4252,0.023
876,Minor,0.5951,0.3699,0.035
877,Serious,0.3817,0.6051,0.0132
878,Minor,0.5608,0.4077,0.0315
879,Serious,0.5381,0.4447,0.0172
880,Serious,0.4658,0.5286,0.0056
881,Minor,0.6682,0.3228,0.009
882,Serious,0.491,0.5061,0.0029
883,Minor,0.4245,0.3131,0.2624
884,Minor,0.5863,0.405,0.0087
885,Serious,0.407,0.5909,0.0021
886,Minor,0.8375,0.1557,0.0068
887,Minor,0.7698,0.2206,0.0095
888,Minor,0.7219,0.2527,0.0254
889,Minor,0.7033,0.2754,0.0213
890,Serious,0.319,0.6543,0.0267
891,Serious,0.4465,0.5514,0.0022
892,Serious,0.1697,0.7877,0.0426
893,Minor,0.584,0.3919,0.0241
894,Minor,0.693,0.2972,0.0098
895,Minor,0.7255,0.2497,0.0248
896,Serious,0.515,0.4777,0.0073
897,Serious,0.5503,0.4489,0.0008
898,Minor,0.9093,0.0291,0.0616
899,Minor,0.4621,0.2535,0.2844
900,Serious,0.3875,0.5873,0.0252
901,Minor,0.6187,0.3624,0.0188
902,Minor,0.6518,0.3377,0.0106
903,Serious,0.3852,0.6045,0.0102
904,Minor,0.6523,0.3442,0.0034
905,Serious,0.476,0.5207,0.0033
906,Serious,0.5529,0.4248,0.0223
907,Serious,0.4154,0.5789,0.0057
908,Serious,0.5141,0.4806,0.0052
909,Minor,0.6001,0.3419,0.058
910,Serious,0.5482,0.4412,0.0106
911,Serious,0.5467,0.4498,0.0035
912,Minor,0.7719,0.223,0.0051
913,Minor,0.5909,0.4061,0.003
914,Serious,0.4565,0.5428,0.0008
915,Serious,0.4474,0.5515,0.0011
916,Minor,0.5511,0.4146,0.0343
917,Minor,0.5601,0.4074,0.0325
918,Minor,0.7026,0.2737,0.0237
919,Serious,0.4811,0.4522,0.0667
920,Serious,0.4998,0.4778,0.0224
921,Minor,0.6584,0.3367,0.0049
922,Minor,0.7132,0.2834,0.0034
923,Minor,0.6094,0.3853,0.0053
924,Minor,0.5982,0.3896,0.0122
925,Minor,0.6539,0.3432,0.0029
926,Minor,0.6032,0.3439,0.0529
927,Minor,0.6262,0.3065,0.0672
928,Serious,0.4663,0.5303,0.0034
929,Minor,0.6047,0.3943,0.0011
930,Minor,0.5454,0.4055,0.0491
931,Minor,0.7993,0.1664,0.0342
932,Minor,0.8733,0.0868,0.0399
933,Minor,0.851,0.1166,0.0323
934,Minor,0.911,0.0751,0.0139
935,Serious,0.5041,0.4944,0.0016
936,Minor,0.6498,0.3484,0.0018
937,Serious,0.5362,0.4593,0.0045
938,Serious,0.5179,0.4484,0.0336
939,Serious,0.5237,0.464,0.0123
940,Minor,0.4971,0.232,0.2709
941,Minor,0.5807,0.2556,0.1637
942,Serious,0.4191,0.4948,0.0861
943,Minor,0.5864,0.374,0.0396
944,Serious,0.2205,0.7611,0.0184
945,Serious,0.1469,0.8185,0.0346
946,Minor,0.7898,0.2056,0.0045
947,Minor,0.6308,0.3599,0.0093
948,Serious,0.3327,0.6472,0.0201
949,Serious,0.558,0.4411,0.0009
950,Minor,0.6656,0.3323,0.0021
951,Serious,0.5024,0.4939,0.0036
952,Minor,0.545,0.1729,0.2821
953,Minor,0.6007,0.2754,0.1239
954,Minor,0.5499,0.1948,0.2553
955,Minor,0.6227,0.1916,0.1857
956,Serious,0.4062,0.5837,0.0101
957,Serious,0.369,0.5964,0.0346
958,Minor,0.6059,0.3342,0.0599
959,Minor,0.6516,0.3136,0.0348
960,Minor,0.7027,0.1334,0.1639
961,Minor,0.6569,0.3022,0.041
962,Minor,0.6781,0.3171,0.0048
963,Minor,0.7422,0.2416,0.0162
964,Fatal,0.3444,0.2983,0.3573
965,Minor,0.7021,0.2848,0.0131
966,Minor,0.8887,0.1084,0.0028
967,Serious,0.5677,0.4224,0.0099
968,Serious,0.5056,0.4856,0.0088
969,Serious,0.5572,0.4423,0.0005
970,Serious,0.5236,0.4759,0.0005
971,Serious,0.2643,0.7328,0.0029
972,Minor,0.6543,0.3418,0.0039
973,Minor,0.73,0.2677,0.0023
974,Minor,0.6506,0.2806,0.0688
975,Minor,0.6296,0.3128,0.0576
976,Minor,0.6999,0.2811,0.019
977,Minor,0.713,0.2836,0.0035
978,Minor,0.7122,0.2862,0.0016
979,Minor,0.6469,0.3492,0.0039
980,Serious,0.5056,0.4856,0.0088
981,Minor,0.6911,0.2696,0.0393
982,Minor,0.7195,0.1604,0.1201
983,Minor,0.6217,0.3306,0.0478
984,Serious,0.3632,0.615,0.0218
985,Minor,0.6773,0.3147,0.008
986,Minor,0.7935,0.2049,0.0016
987,Minor,0.676,0.3232,0.0008
988,Serious,0.5503,0.4488,0.0009
989,Minor,0.9644,0.0346,0.001
990,Minor,0.9308,0.066,0.0032
991,Serious,0.5745,0.422,0.0035
992,Minor,0.6145,0.3828,0.0027
993,Minor,0.7538,0.1476,0.0986
994,Minor,0.65,0.1015,0.2485
995,Minor,0.9652,0.027,0.0078
996,Minor,0.8904,0.0847,0.0248
997,Minor,0.9229,0.0505,0.0266
998,Minor,0.9326,0.0543,0.0132
999,Minor,0.9397,0.0361,0.0242
1000,Minor,0.7159,0.2753,0.0087
1001,Minor,0.8437,0.1534,0.003
1002,Minor,0.6149,0.3686,0.0165
1003,Minor,0.7535,0.2306,0.0159
1004,Minor,0.6668,0.3,0.0332
1005,Minor,0.6367,0.3623,0.001
1006,Serious,0.5347,0.4644,0.0008
1007,Minor,0.6862,0.3125,0.0013
1008,Minor,0.6891,0.3098,0.001
1009,Minor,0.6824,0.3164,0.0012
1010,Serious,0.3689,0.6185,0.0125
1011,Serious,0.5509,0.441,0.0081
1012,Serious,0.4352,0.482,0.0829
1013,Minor,0.6707,0.3184,0.0109
1014,Minor,0.8271,0.1396,0.0332
1015,Minor,0.8565,0.1246,0.0189
1016,Minor,0.6507,0.3329,0.0164
1017,Minor,0.6707,0.3184,0.0109
1018,Minor,0.5849,0.3978,0.0173
1019,Serious,0.3887,0.5675,0.0438
1020,Minor,0.9388,0.0596,0.0016
1021,Minor,0.8466,0.1517,0.0017
1022,Minor,0.6571,0.3414,0.0016
1023,Minor,0.6582,0.3384,0.0034
1024,Minor,0.8785,0.113,0.0086
1025,Minor,0.8528,0.1368,0.0104
1026,Minor,0.713,0.2847,0.0023
1027,Serious,0.3942,0.6041,0.0017
1028,Minor,0.6294,0.3696,0.001
1029,Serious,0.5215,0.4779,0.0006
1030,Minor,0.6859,0.3072,0.0069
1031,Minor,0.6338,0.3606,0.0056
1032,Minor,0.7829,0.2104,0.0068
1033,Minor,0.6341,0.3086,0.0573
1034,Serious,0.2852,0.7123,0.0025
1035,Minor,0.573,0.3861,0.0408
1036,Minor,0.6276,0.3304,0.042
1037,Minor,0.6492,0.3052,0.0457
1038,Fatal,0.258,0.0944,0.6476
1039,Minor,0.5731,0.4083,0.0186
1040,Minor,0.704,0.2904,0.0055
1041,Minor,0.3552,0.3455,0.2993
1042,Minor,0.771,0.0803,0.1488
1043,Minor,0.6272,0.3053,0.0676
1044,Serious,0.3585,0.4715,0.17
1045,Minor,0.6924,0.2797,0.0279
1046,Minor,0.6569,0.3022,0.041
1047,Serious,0.3634,0.6358,0.0007
1048,Minor,0.7003,0.2965,0.0033
1049,Minor,0.6422,0.3494,0.0084
1050,Minor,0.8623,0.1272,0.0105
1051,Minor,0.887,0.0865,0.0265
1052,Minor,0.9109,0.0766,0.0125
1053,Serious,0.4543,0.538,0.0076
1054,Serious,0.445,0.5518,0.0032
1055,Minor,0.7213,0.2742,0.0045
1056,Minor,0.7253,0.2577,0.017
1057,Minor,0.6905,0.3007,0.0088
1058,Minor,0.6031,0.3601,0.0368
1059,Minor,0.7092,0.2593,0.0315
1060,Minor,0.5985,0.3728,0.0287
1061,Minor,0.5779,0.399,0.0231
1062,Minor,0.9347,0.0572,0.0081
1063,Minor,0.9026,0.0748,0.0226
1064,Serious,0.373,0.6223,0.0047
1065,Minor,0.6722,0.3067,0.0211
1066,Minor,0.5774,0.3382,0.0844
1067,Serious,0.5212,0.476,0.0028
1068,Minor,0.6594,0.3374,0.0032
1069,Minor,0.843,0.1271,0.0299
1070,Minor,0.6585,0.3028,0.0387
1071,Serious,0.5435,0.4521,0.0044
1072,Minor,0.6864,0.3095,0.0042
1073,Serious,0.445,0.5542,0.0008
1074,Minor,0.6565,0.3347,0.0089
1075,Minor,0.603,0.3131,0.084
1076,Serious,0.4002,0.4492,0.1506
1077,Serious,0.3548,0.6243,0.0209
1078,Serious,0.3802,0.6043,0.0154
1079,Serious,0.227,0.7672,0.0058
1080,Serious,0.4757,0.514,0.0104
1081,Serious,0.4128,0.5446,0.0426
1082,Serious,0.4261,0.5464,0.0275
1083,Serious,0.4927,0.5053,0.002
1084,Serious,0.4607,0.5342,0.0051
1085,Minor,0.7575,0.1735,0.0689
1086,Serious,0.5009,0.4815,0.0176
1087,Serious,0.4889,0.4375,0.0736
1088,Minor,0.641,0.3163,0.0428
1089,Minor,0.7073,0.292,0.0008
1090,Minor,0.6987,0.2972,0.004
1091,Minor,0.6569,0.3417,0.0014
1092,Serious,0.5484,0.4502,0.0014
1093,Serious,0.4026,0.5849,0.0124
1094,Minor,0.5843,0.4097,0.006
1095,Serious,0.5506,0.4455,0.0039
1096,Minor,0.8074,0.1915,0.0011
1097,Minor,0.6714,0.327,0.0017
1098,Minor,0.6492,0.3505,0.0004
1099,Minor,0.4612,0.3476,0.1912
1100,Minor,0.5492,0.4073,0.0435
1101,Minor,0.7714,0.2284,0.0001
1102,Minor,0.8207,0.1762,0.0031
1103,Minor,0.7748,0.2246,0.0006
1104,Minor,0.833,0.1668,0.0002
1105,Minor,0.5865,0.4067,0.0069
1106,Serious,0.5291,0.4609,0.0101
1107,Serious,0.3257,0.6728,0.0015
1108,Serious,0.4489,0.5346,0.0165
1109,Serious,0.2749,0.7117,0.0134
1110,Serious,0.3234,0.6574,0.0193
1111,Serious,0.3175,0.6709,0.0116
1112,Serious,0.5534,0.4398,0.0067
1113,Serious,0.4819,0.5157,0.0024
1114,Minor,0.7828,0.2167,0.0005
1115,Minor,0.6632,0.3327,0.0041
1116,Serious,0.1896,0.7868,0.0237
1117,Serious,0.2351,0.7378,0.0272
1118,Serious,0.1035,0.8853,0.0112
1119,Serious,0.0822,0.8903,0.0274
1120,Serious,0.1393,0.8534,0.0073
1121,Serious,0.0863,0.8891,0.0245
1122,Minor,0.7227,0.1951,0.0823
1123,Minor,0.6792,0.3147,0.0061
1124,Minor,0.6415,0.3565,0.0019
1125,Serious,0.4855,0.5015,0.013
1126,Minor,0.9188,0.081,0.0002
1127,Minor,0.8821,0.1171,0.0008
1128,Minor,0.8767,0.1226,0.0007
1129,Serious,0.5313,0.4591,0.0096
1130,Serious,0.5071,0.474,0.0189
1131,Serious,0.4365,0.5588,0.0047
1132,Minor,0.6017,0.3977,0.0006
1133,Serious,0.3151,0.6785,0.0064
1134,Serious,0.4771,0.519,0.0039
1135,Serious,0.3935,0.605,0.0015
1136,Minor,0.5939,0.3684,0.0377
1137,Serious,0.5506,0.4413,0.0082
1138,Serious,0.495,0.4766,0.0284
1139,Minor,0.803,0.1937,0.0033
1140,Minor,0.6703,0.3248,0.0049
1141,Minor,0.7948,0.1957,0.0095
1142,Minor,0.6411,0.3493,0.0097
1143,Serious,0.5114,0.4859,0.0027
1144,Serious,0.4675,0.4996,0.0328
1145,Minor,0.901,0.0988,0.0002
1146,Minor,0.722,0.2774,0.0006
1147,Serious,0.5728,0.4192,0.008
1148,Minor,0.6586,0.3364,0.005
1149,Serious,0.4828,0.457,0.0603
1150,Serious,0.5534,0.4398,0.0067
1151,Serious,0.4888,0.5064,0.0048
1152,Minor,0.6704,0.3283,0.0013
1153,Minor,0.6952,0.3022,0.0026
1154,Minor,0.6874,0.3072,0.0053
1155,Minor,0.5998,0.3881,0.0122
1156,Minor,0.6519,0.2541,0.094
1157,Minor,0.7263,0.2368,0.0369
1158,Minor,0.5996,0.3998,0.0006
1159,Minor,0.5752,0.3811,0.0437
1160,Minor,0.683,0.2991,0.0178
1161,Minor,0.9191,0.0481,0.0328
1162,Minor,0.9209,0.0508,0.0283
1163,Minor,0.8864,0.0833,0.0303
1164,Minor,0.9194,0.0581,0.0226
1165,Minor,0.9111,0.0694,0.0195
1166,Minor,0.905,0.0608,0.0343
1167,Minor,0.73,0.2678,0.0022
1168,Serious,0.5252,0.47,0.0048
1169,Minor,0.6674,0.3303,0.0023
1170,Minor,0.6219,0.3622,0.0159
1171,Minor,0.6062,0.3719,0.022
1172,Minor,0.6063,0.3698,0.0239
1173,Minor,0.5758,0.2874,0.1369
1174,Fatal,0.3546,0.2438,0.4016
1175,Minor,0.5766,0.3192,0.1042
1176,Minor,0.6522,0.2778,0.07
1177,Minor,0.5795,0.4042,0.0164
1178,Minor,0.9524,0.0462,0.0013
1179,Minor,0.9681,0.03,0.0019
1180,Minor,0.958,0.0419,0.0001
1181,Minor,0.9332,0.0667,0.0002
1182,Minor,0.904,0.0959,0.0001
1183,Minor,0.9489,0.0505,0.0006
1184,Minor,0.6765,0.2554,0.0681
1185,Minor,0.563,0.3841,0.0529
1186,Minor,0.6134,0.3656,0.021
1187,Serious,0.4636,0.5311,0.0052
1188,Minor,0.6013,0.3772,0.0215
1189,Minor,0.6049,0.3619,0.0332
1190,Serious,0.5431,0.4558,0.0012
1191,Serious,0.5462,0.4528,0.001
1192,Serious,0.5215,0.4779,0.0006
1193,Serious,0.5656,0.4338,0.0005
1194,Serious,0.4354,0.5636,0.001
1195,Minor,0.6352,0.3634,0.0014
1196,Serious,0.4432,0.4864,0.0703
1197,Minor,0.5995,0.3036,0.0969
1198,Serious,0.3152,0.6818,0.003
1199,Minor,0.6019,0.259,0.1391
1200,Minor,0.4668,0.2954,0.2377
1201,Serious,0.544,0.4442,0.0118
1202,Minor,0.6262,0.3719,0.0018
1203,Serious,0.4493,0.5194,0.0313
1204,Minor,0.6962,0.2934,0.0104
1205,Minor,0.6633,0.3277,0.009
1206,Serious,0.529,0.4258,0.0452
1207,Serious,0.3408,0.6455,0.0137
1208,Minor,0.5837,0.3997,0.0166
1209,Minor,0.7629,0.2295,0.0076
1210,Minor,0.5884,0.2195,0.1921
1211,Serious,0.5224,0.4747,0.003
1212,Serious,0.4289,0.5693,0.0018
1213,Minor,0.7687,0.229,0.0023
1214,Serious,0.3805,0.6092,0.0103
1215,Minor,0.6543,0.3418,0.0039
1216,Serious,0.5509,0.4458,0.0032
1217,Minor,0.5882,0.409,0.0028
1218,Minor,0.646,0.3519,0.0021
1219,Serious,0.3279,0.629,0.0431
1220,Serious,0.3092,0.6444,0.0464
1221,Serious,0.205,0.7338,0.0611
1222,Serious,0.3298,0.632,0.0383
1223,Serious,0.4908,0.5078,0.0013
1224,Serious,0.302,0.6663,0.0317
1225,Minor,0.5763,0.3979,0.0259
1226,Serious,0.3409,0.6084,0.0507
1227,Serious,0.4778,0.4662,0.0561
1228,Serious,0.4056,0.5397,0.0548
1229,Minor,0.6394,0.3546,0.006
1230,Serious,0.5128,0.4489,0.0383
1231,Serious,0.4004,0.539,0.0606
1232,Minor,0.8172,0.1752,0.0076
1233,Minor,0.7946,0.2015,0.0039
1234,Minor,0.7946,0.2015,0.0039
1235,Minor,0.8395,0.1507,0.0098
1236,Minor,0.938,0.0576,0.0044
1237,Minor,0.8395,0.1507,0.0098
1238,Serious,0.4958,0.5001,0.0041
1239,Serious,0.5305,0.466,0.0035
1240,Serious,0.5667,0.4277,0.0056
1241,Serious,0.4163,0.5807,0.0029
1242,Serious,0.5071,0.474,0.0189
1243,Serious,0.5238,0.4299,0.0463
1244,Minor,0.672,0.3119,0.0161
1245,Minor,0.6018,0.387,0.0112
1246,Minor,0.5492,0.4073,0.0435
1247,Serious,0.4352,0.4717,0.093
1248,Minor,0.6539,0.3413,0.0048
1249,Minor,0.7186,0.2741,0.0072
1250,Minor,0.7243,0.2688,0.0069
1251,Serious,0.5256,0.4611,0.0133
1252,Serious,0.4809,0.5172,0.0019
1253,Minor,0.626,0.2542,0.1198
1254,Minor,0.511,0.384,0.105
1255,Minor,0.5796,0.3299,0.0905
1256,Serious,0.3204,0.5957,0.0839
1257,Serious,0.4979,0.5011,0.001
1258,Serious,0.4876,0.5116,0.0008
1259,Serious,0.2591,0.6981,0.0427
1260,Serious,0.4638,0.4596,0.0765
1261,Minor,0.6572,0.328,0.0148
1262,Serious,0.3942,0.5922,0.0137
1263,Serious,0.5303,0.458,0.0117
1264,Serious,0.5497,0.4456,0.0047
1265,Serious,0.5468,0.4514,0.0018
1266,Serious,0.4016,0.5959,0.0025
1267,Serious,0.5246,0.4714,0.004
1268,Serious,0.5034,0.4933,0.0033
1269,Serious,0.3152,0.6818,0.003
